142.0 211.0
138.0 201.0
133.0 188.0
128.0 173.0
124.0 158.0
121.0 143.0
119.0 130.0
118.0 118.0
117.0 106.0
117.0 91.0
116.0 81.0
127.0 86.0
138.0 91.0
148.0 99.0
158.0 107.0
166.0 114.0
175.0 122.0
184.0 131.0
193.0 139.0
201.0 148.0
210.0 160.0
218.0 169.0
225.0 178.0
232.0 186.0
233.0 175.0
233.0 161.0
235.0 145.0
238.0 131.0
239.0 121.0
241.0 111.0
244.0 99.0
248.0 86.0
252.0 75.0
255.0 65.0
259.0 55.0
269.0 59.0
280.0 63.0
289.0 68.0
298.0 75.0
307.0 82.0
314.0 90.0
321.0 100.0
327.0 110.0
331.0 120.0
336.0 129.0
342.0 139.0
348.0 148.0
363.0 144.0
378.0 139.0
390.0 137.0
400.0 140.0
410.0 147.0
420.0 156.0
430.0 167.0
436.0 176.0
441.0 185.0
447.0 199.0
451.0 212.0
453.0 227.0
453.0 243.0
453.0 258.0
450.0 273.0
445.0 287.0
437.0 301.0
429.0 312.0
420.0 325.0
408.0 338.0
401.0 346.0
393.0 353.0
384.0 359.0
375.0 364.0
366.0 369.0
356.0 372.0
339.0 376.0
322.0 379.0
312.0 381.0
302.0 382.0
292.0 383.0
282.0 384.0
263.0 385.0
248.0 385.0
233.0 385.0
217.0 384.0
202.0 382.0
188.0 381.0
174.0 379.0
161.0 377.0
148.0 375.0
136.0 373.0
126.0 369.0
116.0 364.0
106.0 358.0
96.0 349.0
88.0 339.0
81.0 330.0
75.0 317.0
70.0 306.0
69.0 294.0
68.0 283.0
68.0 270.0
73.0 256.0
80.0 243.0
86.0 232.0
94.0 224.0
104.0 216.0
113.0 211.0
123.0 215.0
134.0 215.0
