118.0 240.0
113.0 226.0
107.0 208.0
104.0 191.0
103.0 173.0
103.0 159.0
105.0 149.0
114.0 141.0
124.0 139.0
135.0 139.0
144.0 145.0
150.0 158.0
154.0 168.0
156.0 179.0
157.0 189.0
158.0 201.0
157.0 187.0
157.0 167.0
159.0 150.0
166.0 139.0
174.0 132.0
184.0 129.0
195.0 134.0
204.0 140.0
210.0 150.0
215.0 159.0
212.0 172.0
208.0 182.0
205.0 192.0
215.0 191.0
230.0 193.0
244.0 197.0
255.0 203.0
262.0 212.0
267.0 221.0
267.0 233.0
267.0 246.0
266.0 260.0
262.0 273.0
257.0 283.0
247.0 284.0
257.0 277.0
273.0 271.0
286.0 266.0
301.0 262.0
315.0 258.0
327.0 256.0
338.0 255.0
357.0 255.0
373.0 259.0
390.0 268.0
404.0 277.0
412.0 284.0
415.0 300.0
417.0 318.0
417.0 334.0
417.0 349.0
416.0 361.0
414.0 375.0
409.0 387.0
402.0 398.0
390.0 412.0
374.0 422.0
352.0 430.0
339.0 434.0
325.0 436.0
310.0 438.0
295.0 439.0
281.0 439.0
267.0 439.0
255.0 439.0
243.0 439.0
231.0 439.0
220.0 439.0
210.0 437.0
200.0 436.0
185.0 434.0
172.0 430.0
159.0 426.0
149.0 422.0
139.0 416.0
127.0 407.0
116.0 397.0
104.0 383.0
96.0 370.0
91.0 361.0
91.0 350.0
92.0 336.0
94.0 317.0
96.0 307.0
98.0 297.0
101.0 287.0
104.0 276.0
106.0 264.0
109.0 254.0
114.0 245.0
